6
0 29 20 21 16 31
29 0 15 17 28 40
20 15 0 28 39 12
21 17 28 0 13 18
16 28 39 13 0 23
31 40 12 18 23 0